After Rotation: Constants from Hirth and Lothe
[19.44 4.477 5.433 -1.353 0.0 -0.0; 
 4.477 20.397 4.477 0.0  -0.0  0.0; 
 5.433 4.477 19.44 1.353 -0.0  0.0; 
-1.353 -0.0 1.353 6.047   0.0  0.0; 
 0.0   -0.0 0.0  -0.0     7.003 -1.353; 
 0.0 0.0 0.0 0.0 -1.353 6.047]

After Rotation: Sending in silicon in rotated coordinates
[0.611 0.085 0.08   0.006 0.106  0.149; 
0.085  0.54  0.248 -0.011 0.124  0.071; 
0.08   0.248 0.642 -0.133 -0.006 0.097; 
0.006 -0.011 -0.133 0.322 0.026  0.074; 
0.106  0.124 -0.006 0.026 0.144 -0.009; 
0.149  0.071  0.097 0.074 -0.009 0.137]


[22.38 2.828 5.239 -3.409 0.0 -0.0; 
 2.828 24.791 2.828 0.0 0.0 0.0; 
 5.239 2.828 22.38 3.409 -0.0 -0.0; 
-3.409 0.0 3.409 6.16 -0.0 0.0; 
 0.0 -0.0 -0.0 -0.0 8.571 -3.409; 
 0.0 0.0 -0.0 -0.0 -3.409 6.16]

Prior to Rotation: Bulk Silicon Cell
[0.945782    0.477765    0.477765   -3.507e-13   4.96777e-13 2.33376e-12; 
 0.477765    0.945782    0.477765    5.42502e-12 2.38185e-12 1.449e-12; 
 0.477765    0.477765    0.945782    2.66817e-12 6.8494e-12  6.24816e-13; 
 3.40915e-13 6.03598e-12 3.16725e-12 0.685403    2.80508e-12 1.62669e-12; 
 8.51602e-13 2.58322e-12 6.92655e-12 2.84714e-12 0.685403    3.17763e-13; 
 2.67507e-12 1.9637e-12  9.00123e-13 4.89282e-13 6.47772e-13 0.685403]

Prior to Rotation: Bulk Silicon Cell







